Y2020M3
Y2020M3D1 
7[]
8[]
9[]
10[]
11[]
12[]
13[]
14[]
15[]
16[]

Y2020M3D2 
7[]
8[]
9[]
10[]
11[]
12[]
13[]
14[]
15[]
16[]

Y2020M3D3 
7[]
8[]
9[]
10[]
11[]
12[]
13[]
14[]
15[]
16[]

Y2020M3D4 
7[]
8[]
9[]
10[]
11[]
12[]
13[]
14[]
15[]
16[]

Y2020M3D5 
7[]
8[]
9[]
10[]
11[]
12[]
13[]
14[]
15[]
16[]

Y2020M3D6 
7[]
8[]
9[]
10[]
11[]
12[]
13[]
14[]
15[]
16[]

Y2020M3D7 
7[]
8[]
9[]
10[]
11[]
12[]
13[]
14[]
15[]
16[]

Y2020M3D8 
7[]
8[]
9[]
10[]
11[]
12[]
13[]
14[]
15[]
16[]

Y2020M3D9 
7[]
8[]
9[]
10[]
11[]
12[]
13[]
14[]
15[]
16[]

Y2020M3D10 
7[]
8[]
9[]
10[]
11[]
12[]
13[]
14[]
15[]
16[]

Y2020M3D11 
7[]
8[]
9[]
10[]
11[]
12[]
13[]
14[]
15[]
16[]

Y2020M3D12 
7[]
8[]
9[]
10[]
11[]
12[]
13[]
14[]
15[]
16[]

Y2020M3D13 
7[]
8[]
9[]
10[]
11[]
12[]
13[]
14[]
15[]
16[]

Y2020M3D14 
7[]
8[]
9[]
10[]
11[]
12[]
13[]
14[]
15[]
16[]

Y2020M3D15 
7[]
8[]
9[]
10[]
11[]
12[]
13[]
14[]
15[]
16[]

Y2020M3D16 
7[]
8[]
9[]
10[]
11[]
12[]
13[]
14[]
15[]
16[]

Y2020M3D17 
7[]
8[]
9[]
10[]
11[]
12[]
13[]
14[]
15[]
16[]

Y2020M3D18 
7[]
8[]
9[]
10[]
11[]
12[]
13[]
14[]
15[]
16[]

Y2020M3D19 
7[]
8[]
9[]
10[]
11[]
12[]
13[]
14[]
15[]
16[]

Y2020M3D20 
7[]
8[]
9[]
10[]
11[]
12[]
13[]
14[]
15[]
16[]

Y2020M3D21 
7[]
8[]
9[]
10[]
11[]
12[]
13[]
14[]
15[]
16[]

Y2020M3D22 
7[]
8[]
9[]
10[]
11[]
12[]
13[]
14[]
15[]
16[]

Y2020M3D23 
7[]
8[]
9[]
10[]
11[]
12[]
13[]
14[]
15[]
16[]

Y2020M3D24 
7[]
8[]
9[]
10[]
11[]
12[]
13[]
14[]
15[]
16[]

Y2020M3D25 
7[]
8[]
9[]
10[]
11[]
12[]
13[]
14[]
15[]
16[]

Y2020M3D26 
7[]
8[]
9[]
10[]
11[]
12[]
13[]
14[]
15[]
16[]

Y2020M3D27 
7[]
8[]
9[]
10[]
11[]
12[]
13[]
14[]
15[]
16[]

Y2020M3D28 
7[]
8[]
9[]
10[]
11[]
12[]
13[]
14[]
15[]
16[]

Y2020M3D29 
7[]
8[]
9[]
10[]
11[]
12[]
13[]
14[]
15[]
16[]

Y2020M3D30 
7[]
8[]
9[]
10[]
11[]
12[]
13[]
14[]
15[]
16[]

Y2020M3D31 
7[]
8[]
9[]
10[]
11[]
12[]
13[]
14[]
15[]
16[]
Y2020M4
Y2020M4D1 
7[]
8[]
9[]
10[]
11[]
12[]
13[]
14[]
15[]
16[]

Y2020M4D2 
7[]
8[]
9[]
10[]
11[]
12[]
13[]
14[]
15[]
16[]

Y2020M4D3 
7[]
8[]
9[]
10[]
11[]
12[]
13[]
14[]
15[]
16[]

Y2020M4D4 
7[]
8[]
9[]
10[]
11[]
12[]
13[]
14[]
15[]
16[]

Y2020M4D5 
7[]
8[]
9[]
10[]
11[]
12[]
13[]
14[]
15[]
16[]

Y2020M4D6 
7[]
8[]
9[]
10[]
11[]
12[]
13[]
14[]
15[]
16[]

Y2020M4D7 
7[]
8[]
9[]
10[]
11[]
12[]
13[]
14[]
15[]
16[]

Y2020M4D8 
7[]
8[]
9[]
10[]
11[]
12[]
13[]
14[]
15[]
16[]

Y2020M4D9 
7[]
8[]
9[]
10[]
11[]
12[]
13[]
14[]
15[]
16[]

Y2020M4D10 
7[]
8[]
9[]
10[]
11[]
12[]
13[]
14[]
15[]
16[]

Y2020M4D11 
7[]
8[]
9[]
10[]
11[]
12[]
13[]
14[]
15[]
16[]

Y2020M4D12 
7[]
8[]
9[]
10[]
11[]
12[]
13[]
14[]
15[]
16[]

Y2020M4D13 
7[]
8[]
9[]
10[]
11[]
12[]
13[]
14[]
15[]
16[]

Y2020M4D14 
7[]
8[]
9[]
10[]
11[]
12[]
13[]
14[]
15[]
16[]

Y2020M4D15 
7[]
8[]
9[]
10[]
11[]
12[]
13[]
14[]
15[]
16[]

Y2020M4D16 
7[]
8[]
9[]
10[]
11[]
12[]
13[]
14[]
15[]
16[]

Y2020M4D17 
7[]
8[]
9[]
10[]
11[]
12[]
13[]
14[]
15[]
16[]

Y2020M4D18 
7[]
8[]
9[]
10[]
11[]
12[]
13[]
14[]
15[]
16[]

Y2020M4D19 
7[]
8[]
9[]
10[]
11[]
12[]
13[]
14[]
15[]
16[]

Y2020M4D20 
7[]
8[]
9[]
10[]
11[]
12[]
13[]
14[]
15[]
16[]

Y2020M4D21 
7[]
8[]
9[]
10[]
11[]
12[]
13[]
14[]
15[]
16[]

Y2020M4D22 
7[]
8[]
9[]
10[]
11[]
12[]
13[]
14[]
15[]
16[]

Y2020M4D23 
7[]
8[]
9[]
10[]
11[]
12[]
13[]
14[]
15[]
16[]

Y2020M4D24 
7[]
8[]
9[]
10[]
11[]
12[]
13[]
14[]
15[]
16[]

Y2020M4D25 
7[]
8[]
9[]
10[]
11[]
12[]
13[]
14[]
15[]
16[]

Y2020M4D26 
7[]
8[]
9[]
10[]
11[]
12[]
13[]
14[]
15[]
16[]

Y2020M4D27 
7[]
8[]
9[]
10[]
11[]
12[]
13[]
14[]
15[]
16[]

Y2020M4D28 
7[]
8[]
9[]
10[]
11[]
12[]
13[]
14[]
15[]
16[]

Y2020M4D29 
7[]
8[]
9[]
10[]
11[]
12[]
13[]
14[]
15[]
16[]

Y2020M4D30 
7[]
8[]
9[]
10[]
11[]
12[]
13[]
14[]
15[]
16[]
